AB 0th
3014850.25
3019473.25

3178779.75
3182736.25

3245277.5
3249378.75

3107098.5
3112832.5

3245277.5
3249378.75


Ab 1st
3259955.25
3266994.5

3451307.5
3456108.25

3560232.25
3566991.5

3371711.75
3376416.5

3647847.5
3652184.5

AB 2nd
2871413.75
2877553.25

3003995.5
3007447.75

3055887.5
3058983.5

2953168.25
2955710.0

3101614.25
3104537.75

AB 3rd
3906699.0
3916870.75

4110238.0
4113921.75

4197673.0
4202836.5

4046140.75
4050213.75

4294293.5
4300975.0


AB 4th
3138147.0
3143932.75

3272146.0
3274457.0

3300660.75
3306364.5

3237410.0
3241722.25

3347730.75
3350073.25

BC 0th 
10453666.0
10471261.0

10949580.0
10964706.0

11202574.0
11220222.0

10715588.0
10732132.0

BC 1st
5194586.0
5207570.0

5451224.0
5458648.0

5564884.0
5571264.0

5370173.0
5375177.5

BC 2nd
6027102.0
6039153.0

6297890.0
6301773.0

6379868.0
6383980.5

6227044.0
6235609.5

BC 3rd
3658425.5
3671590.75

3861023.75
3864479.0

3925508.0
3930127.75

3804906.75
3808161.75

BC 4th
2093572.25
2100676.5

2203813.75
2205505.75

2217688.0
2217688.0

2179376.5
2179933.75
























