AB 0th
3019477.0
3028555.0

3112834.25
3120054.75

3182739.0
3188075.0

3249382.5
3255162.75

3315961.0
3321381.5

AB 1st
3266998.5
3276782.75

3376419.0
3380757.0

3456110.75
3463919.5

3566995.25
3576349.25

3652187.75
3656970.5

AB 2nd
2877557.25
2884920.25

2955711.5
2958804.75

3007449.75
3011820.75

3058985.0
3062532.75

3104540.0
3107509.25

AB 3rd
3916875.0
3931531.75

4050215.75
4055174.25

4113923.75
4119857.5

4202840.5
4211789.0

4300981.5
4311561.5

AB 4th
3143936.75
3153862.25

3241724.0
3243987.0

3274458.25
3276498.75

3306366.0
3309446.25

3350075.25
3352868.25

BC 0th
10471262.0
10491738.0

3241724.0
3243987.0

10964707.0
10981919.0

11220223.0
11238694.0

BC 1st
5207576.0
5229677.5

5375179.5
5380050.5

5458663.5
5467727.5

5571267.5
5585382.5

BC 2nd
6039162.0
6058825.0

6235612.0
6242169.0

6301776.0
6309109.5

6383983.5
6391666.0

BC 3rd
3671601.5
3687971.75

3808163.75
3812243.5

3864481.5
3869631.75

3930131.75
3936748.25

BC 4th
2100682.5
2108293.25

2179934.75
2181213.75


2205507.0
2207207.0

2217688.0
2217688.0




























































































